x = 1;
y = 1;
z = 0;

T_ = [1 0 0 x;
      0 1 0 y;
      0 0 1 z;
      0 0 0 1];
 
T = [1 0 0 -x;
     0 1 0 -y;
     0 0 1 -z;
     0 0 0 1];
 
R = [0 -1 0 0;
     1 0 0 0;
     0 0 1 0;
     0 0 0 1];
 
Y = [1 0 0 1
     0 1 0 3
     0 0 1 0
     0 0 0 1];

X = T_*Y;
 
newP = T_ * R * T;
